38383862393734362d396363312d343365636163623632342d373136652d343739363035306130662d636331612d3461





































62643463313832302d393532632d34365396637343838642d626435322d
3
4
6
6
5
3
9
6
6
3
7
3
4
3
8
3
8
6
4
2
d
6
2
6
4
3
5
3
2
2
d
3
4
6
37323534333936632d323436342d
34
37
32
35
34
33
39
36
63
2d
32
34
36
34
2d
34
64
35
66
39
64
65
35
62
2d
65
35
36
66
2d
34
613
233
393
961
623
62d
643
136
622
d36
435
663
964
653
562
2d6
535
366
62d
361
643
364
643
732
632

d66

313

533

2d3

6164
3364
6437
3263
2d66
3135
332d
6435
3265
3234
6661
2d34
3730
662d
6435
3
265
3
234
6
661
2
d34
3
730
6
62d
6
63365
63646
23930
2d303
83065
26633
65636
46239
302d3
03830

65261

35323

93163

61322

d3866

65632

633338
643463
39612d
633263
376333
386434
633961
2d633
2
63376
4
34613
8
66333
5
642d6
2
63663
4
64346
1386633
35642d6
2636633
3376562
6261313
82d3530

3663337

6562626

131382d

3530366

34316363
39326130
2d626433
30393034
66623735
2d313331
303930
34
666237
35
2d3133
31
303334
306563323
92d666333
033343065
6332392d6
663332643
934616461
382d35
336
326439
3461646138
2d35336261
6437636332
652d373565
6161363038
63322d3137
65616136303863322d3
13666336396
53839392d31
66663363965
3839392d316
65663533613336342d6265663533613336342d6239356665
386164662d66
63336139313930372d363336139313930372d386266622d3436